# Blender v2.83.4 OBJ File: 'camp_fire.blend'
# www.blender.org
mtllib camp_fire.mtl
o Cube
v 0.150361 1.104126 0.005783
v 0.530577 -0.747164 -0.332952
v 0.150361 1.068979 0.197873
v 0.530577 -0.782311 -0.140862
v -0.066474 1.061035 -0.002102
v 0.313742 -0.790255 -0.340837
v -0.066474 1.025888 0.189988
v 0.313742 -0.825402 -0.148747
vt 0.625000 0.500000
vt 0.875000 0.500000
vt 0.875000 0.750000
vt 0.625000 0.750000
vt 0.375000 0.750000
vt 0.625000 1.000000
vt 0.375000 1.000000
vt 0.375000 0.000000
vt 0.625000 0.000000
vt 0.625000 0.250000
vt 0.375000 0.250000
vt 0.125000 0.500000
vt 0.375000 0.500000
vt 0.125000 0.750000
vn -0.1980 0.9642 0.1764
vn -0.0000 -0.1800 0.9837
vn -0.9802 -0.1948 -0.0356
vn 0.1980 -0.9642 -0.1764
vn 0.9802 0.1948 0.0356
vn 0.0000 0.1800 -0.9837
usemtl Material
s off
f 1/1/1 5/2/1 7/3/1 3/4/1
f 4/5/2 3/4/2 7/6/2 8/7/2
f 8/8/3 7/9/3 5/10/3 6/11/3
f 6/12/4 2/13/4 4/5/4 8/14/4
f 2/13/5 1/1/5 3/4/5 4/5/5
f 6/11/6 5/10/6 1/1/6 2/13/6
o Cube.001
v 0.021721 0.959075 -0.173394
v 0.532355 -0.727222 0.589649
v 0.065890 1.048434 -0.005472
v 0.576524 -0.637862 0.757571
v -0.185575 0.928369 -0.102529
v 0.325059 -0.757927 0.660515
v -0.141406 1.017728 0.065394
v 0.369228 -0.668568 0.828437
vt 0.625000 0.500000
vt 0.875000 0.500000
vt 0.875000 0.750000
vt 0.625000 0.750000
vt 0.375000 0.750000
vt 0.625000 1.000000
vt 0.375000 1.000000
vt 0.375000 0.000000
vt 0.625000 0.000000
vt 0.625000 0.250000
vt 0.375000 0.250000
vt 0.125000 0.500000
vt 0.375000 0.500000
vt 0.125000 0.750000
vn -0.2659 0.8783 -0.3974
vn 0.2262 0.4576 0.8599
vn -0.9371 -0.1388 0.3203
vn 0.2659 -0.8783 0.3974
vn 0.9371 0.1388 -0.3203
vn -0.2262 -0.4576 -0.8599
usemtl Material.001
s off
f 9/15/7 13/16/7 15/17/7 11/18/7
f 12/19/8 11/18/8 15/20/8 16/21/8
f 16/22/9 15/23/9 13/24/9 14/25/9
f 14/26/10 10/27/10 12/19/10 16/28/10
f 10/27/11 9/15/11 11/18/11 12/19/11
f 14/25/12 13/24/12 9/15/12 10/27/12
o Cube.002
v -0.165001 1.016688 -0.048905
v -0.540071 -0.838676 0.272853
v -0.165001 1.050055 0.143502
v -0.540071 -0.805309 0.465260
v -0.381956 1.059265 -0.056289
v -0.757025 -0.796098 0.265469
v -0.381956 1.092633 0.136119
v -0.757025 -0.762731 0.457876
vt 0.625000 0.500000
vt 0.875000 0.500000
vt 0.875000 0.750000
vt 0.625000 0.750000
vt 0.375000 0.750000
vt 0.625000 1.000000
vt 0.375000 1.000000
vt 0.375000 0.000000
vt 0.625000 0.000000
vt 0.625000 0.250000
vt 0.375000 0.250000
vt 0.125000 0.500000
vt 0.375000 0.500000
vt 0.125000 0.750000
vn 0.1953 0.9663 -0.1676
vn -0.0000 0.1709 0.9853
vn -0.9807 0.1925 -0.0334
vn -0.1953 -0.9663 0.1676
vn 0.9807 -0.1925 0.0334
vn 0.0000 -0.1709 -0.9853
usemtl Material.002
s off
f 17/29/13 21/30/13 23/31/13 19/32/13
f 20/33/14 19/32/14 23/34/14 24/35/14
f 24/36/15 23/37/15 21/38/15 22/39/15
f 22/40/16 18/41/16 20/33/16 24/42/16
f 18/41/17 17/29/17 19/32/17 20/33/17
f 22/39/18 21/38/18 17/29/18 18/41/18
o Cube.003
v 0.034316 0.823588 -0.128889
v -0.676637 -0.854689 -0.732634
v 0.014655 0.765250 0.056433
v -0.696298 -0.913028 -0.547312
v -0.169966 0.908327 -0.123886
v -0.880918 -0.769951 -0.727631
v -0.189627 0.849988 0.061435
v -0.900579 -0.828290 -0.542310
vt 0.625000 0.500000
vt 0.875000 0.500000
vt 0.875000 0.750000
vt 0.625000 0.750000
vt 0.375000 0.750000
vt 0.625000 1.000000
vt 0.375000 1.000000
vt 0.375000 0.000000
vt 0.625000 0.000000
vt 0.625000 0.250000
vt 0.375000 0.250000
vt 0.125000 0.500000
vt 0.375000 0.500000
vt 0.125000 0.750000
vn 0.3703 0.8741 0.3144
vn -0.1007 -0.2987 0.9490
vn -0.9234 0.3831 0.0226
vn -0.3703 -0.8741 -0.3144
vn 0.9234 -0.3831 -0.0226
vn 0.1007 0.2987 -0.9490
usemtl Material.003
s off
f 25/43/19 29/44/19 31/45/19 27/46/19
f 28/47/20 27/46/20 31/48/20 32/49/20
f 32/50/21 31/51/21 29/52/21 30/53/21
f 30/54/22 26/55/22 28/47/22 32/56/22
f 26/55/23 25/43/23 27/46/23 28/47/23
f 30/53/24 29/52/24 25/43/24 26/55/24
